tree
version=v3
num_class=1
num_tree_per_iteration=1
label_index=0
max_feature_idx=1
objective=binary sigmoid:1
feature_names=Column_0 Column_1
feature_infos=[1:12] [29.989999999999998:3345.9299999999998]
tree_sizes=3317 3400 3416 3412 3378 3422 3384 3419 3417 3385

Tree=0
num_leaves=31
num_cat=0
split_feature=1 0 0 0 0 1 0 1 1 1 1 0 1 1 1 1 1 0 1 1 0 1 1 1 1 1 1 1 1 1
split_gain=336.964 122.614 101.672 24.999 15.0526 11.1365 9.88663 7.04958 5.95766 6.80064 6.5056 6.36771 5.91685 5.52372 4.61995 4.57401 12.4426 5.87283 5.86844 5.42482 5.24667 4.48665 6.67357 4.32794 9.91693 4.46641 4.18818 4.1649 4.07042 8.20706
threshold=200.89500000000001 3.5000000000000004 3.5000000000000004 8.5000000000000018 1.5000000000000002 241.45000000000002 7.5000000000000009 254.26500000000001 338.73500000000007 396.23000000000008 311.98500000000007 11.500000000000002 165.01000000000002 780.09500000000014 243.89500000000001 780.09500000000014 491.52500000000003 1.5000000000000002 581.93500000000006 454.42500000000007 2.5000000000000004 498.16500000000002 648.05500000000018 153.16500000000002 180.56500000000003 150.01500000000001 217.09500000000003 1213.6750000000002 166.52000000000001 175.21500000000003
decision_type=2 2 2 2 2 2 2 2 2 2 2 2 2 2 2 2 2 2 2 2 2 2 2 2 2 2 2 2 2 2
left_child=1 4 5 12 23 26 7 14 10 -10 -8 13 -3 -11 -4 16 19 -17 -18 -7 -21 -9 -23 25 -25 -1 -2 -19 -5 -30
right_child=2 3 6 28 -6 15 8 21 9 11 -12 -13 -14 -15 -16 17 18 27 -20 20 -22 22 -24 24 -26 -27 -28 -29 29 -31
leaf_value=-1.7404902332210654 -1.7210208910901392 -1.7809207386120287 -1.7544313323889407 -1.7976015142400104 -1.7595437665092619 -1.7112977339219437 -1.7614484666846624 -1.734220008701518 -1.7294392889938628 -1.7670140379569157 -1.7937289260303513 -1.7055078006579552 -1.7623222469139139 -1.7231273314752553 -1.7961792640051852 -1.6856384188658966 -1.7465890749867696 -1.7058610251412556 -1.720455424326562 -1.6686769357519249 -1.7315661173884502 -1.7670843146976434 -1.7349036943690064 -1.6905920091171012 -1.7590878924198325 -1.8273702473966325 -1.7515294940794759 -1.7485936810790601 -1.7438107714292281 -1.794132547216827
leaf_weight=377.96379089355469 75.517616271972656 1446.732177734375 153.03901672363281 1546.2952041625977 842.59124755859375 624.17877197265625 430.8135986328125 487.92144775390625 116.34471893310547 247.59258270263672 73.012886047363281 21.540679931640625 193.99135589599609 32.436256408691406 32.060546875 125.23651123046875 146.15100860595703 92.174072265625 208.51879119873047 58.485450744628906 17.157402038574219 125.23651123046875 132.75070190429688 54.1021728515625 34.690513610839844 6.0113525390624991 111.33525848388672 30.307235717773438 43.457069396972656 127.49076843261719
leaf_count=3018 603 11552 1222 12347 6728 4984 3440 3896 929 1977 583 172 1549 259 256 1000 1167 736 1665 467 137 1000 1060 432 277 48 889 242 347 1018
internal_value=-1.76007 -1.77741 -1.73583 -1.78755 -1.75153 -1.71637 -1.75146 -1.74419 -1.7588 -1.74998 -1.76613 -1.7579 -1.77872 -1.76193 -1.76166 -1.71309 -1.71597 -1.70087 -1.73122 -1.70823 -1.68294 -1.73986 -1.75053 -1.73725 -1.71735 -1.74185 -1.7392 -1.71643 -1.79598 -1.78134
internal_weight=0 4673.33 3341.81 3357.97 1315.36 1489.06 1852.75 931.008 921.741 417.914 503.826 301.57 1640.72 280.029 185.1 1302.21 1054.49 247.718 354.67 699.822 75.6429 745.909 257.987 472.768 88.7927 383.975 186.853 122.481 1717.24 170.948
internal_count=64000 37316 26684 26813 10503 11890 14794 7434 7360 3337 4023 2408 13101 2236 1478 10398 8420 1978 2832 5588 604 5956 2060 3775 709 3066 1492 978 13712 1365
is_linear=0
shrinkage=1


Tree=1
num_leaves=31
num_cat=0
split_feature=1 0 0 0 0 1 0 1 1 1 1 1 0 1 1 1 1 1 1 0 1 1 1 1 1 1 1 1 1 1
split_gain=271.374 102.035 77.699 21.5536 11.8822 8.29129 7.85731 5.56697 4.94542 4.79861 5.44022 5.33684 4.94439 4.37678 3.83775 3.73578 4.71414 4.954 3.71155 3.54473 5.65899 10.2653 5.82454 5.42521 10.3925 7.46668 3.53469 7.0327 6.97165 9.53541
threshold=200.89500000000001 3.5000000000000004 3.5000000000000004 8.5000000000000018 1.5000000000000002 241.45000000000002 7.5000000000000009 254.26500000000001 165.01000000000002 338.73500000000007 311.98500000000007 396.23000000000008 11.500000000000002 780.09500000000014 243.89500000000001 198.83500000000001 153.16500000000002 180.56500000000003 150.01500000000001 2.5000000000000004 269.70000000000005 281.77500000000003 261.56000000000006 759.21000000000015 800.68000000000018 460.08500000000004 166.52000000000001 169.91500000000002 116.355 81.935000000000016
decision_type=2 2 2 2 2 2 2 2 2 2 2 2 2 2 2 2 2 2 2 2 2 2 2 2 2 2 2 2 2 2
left_child=1 4 5 8 15 -2 7 14 -3 10 -8 -11 13 -13 -4 16 18 -18 -1 -7 22 -22 -21 25 -25 -23 28 -28 29 -5
right_child=2 3 6 26 -6 19 9 -9 -10 11 -12 12 -14 -15 -16 -17 17 -19 -20 20 21 23 -24 24 -26 -27 27 -29 -30 -31
leaf_value=0.017369436548325373 0.018488454535156594 -0.019058303994779209 0.0050558356876306129 -0.036166958289606692 0.00047574825963111019 0.043634601181898242 -0.0012395666622042984 0.017914929086366778 -0.0020281045796104358 0.026950386637012564 -0.031064713743214314 -0.0062797748785799433 0.047167359673935233 0.03235253513359624 -0.033388001055760182 -0.086530415570365032 0.059410155257884636 0.0099406111152858731 -0.063718903850710759 0.045350883322162049 -0.06179498696064567 0.039741460665919486 0.14311994412743981 0.1717205711147414 0.042023384915281015 0.0021409164222367899 0.041571896156733165 -0.026305977676415088 -0.048148091718018496 -0.014966123923709161
leaf_weight=383.21027988195419 189.62320591509342 1425.5037488937378 153.64951720833778 921.61172214150429 842.90604829788208 1035.246103733778 430.39495825767517 756.61084991693497 193.68318946659565 118.87584726512432 71.287368826568127 246.37995209544897 22.378757774829865 33.288230702280998 31.248058319091797 3.2584149837493888 56.789051055908203 31.456236958503723 5.7290511131286612 22.02993601560593 12.44043445587158 129.28144499659538 8.4232108294963819 7.247595787048339 41.869757473468781 89.2877077460289 16.975028365850449 151.42455349862576 308.38264690339565 275.58117121458054
leaf_count=3018 1492 11552 1222 7558 6728 7990 3440 5956 1549 929 583 1977 172 259 256 26 432 251 48 170 96 998 65 56 324 699 134 1231 2529 2260
internal_value=0 -0.0158227 0.0214076 -0.025247 0.00762966 0.0380653 0.00768685 0.0141137 -0.0170212 0.00112835 -0.00547762 0.00900176 0.00193776 -0.00168146 -0.00144125 0.0201807 0.0209094 0.0417761 0.016175 0.0408236 0.0314538 0.0270031 0.0723934 0.0311299 0.0611611 0.0243813 -0.0332036 -0.0194637 -0.0347404 -0.0312867
internal_weight=0 4616.51 3399.56 3293.16 1323.35 1535.45 1864.11 941.508 1619.19 922.605 501.682 420.923 302.047 279.668 184.898 480.443 477.185 88.2453 388.939 1345.83 310.58 280.127 30.4531 267.687 49.1174 218.569 1673.98 168.4 1505.58 1197.19
internal_count=64000 37316 26684 26813 10503 11890 14794 7434 13101 7360 4023 3337 2408 2236 1478 3775 3749 683 3066 10398 2408 2173 235 2077 380 1697 13712 1365 12347 9818
is_linear=0
shrinkage=0.1


Tree=2
num_leaves=31
num_cat=0
split_feature=1 0 0 0 0 0 1 1 1 1 1 1 0 0 1 1 1 1 1 0 1 1 0 1 1 1 1 1 0 1
split_gain=218.881 85.6949 59.841 14.0896 12.6133 6.26191 6.24313 4.54308 4.41186 3.86851 4.53921 4.20478 3.86409 3.81323 3.50007 3.6314 3.44642 5.22813 3.41458 3.32825 3.77014 4.79188 4.13885 3.55873 3.30065 3.77929 3.18316 3.1799 3.78864 5.73449
threshold=200.89500000000001 4.5000000000000009 3.5000000000000004 1.5000000000000002 8.5000000000000018 7.5000000000000009 241.45000000000002 156.48500000000004 254.26500000000001 338.73500000000007 311.98500000000007 396.23000000000008 11.500000000000002 7.5000000000000009 759.21000000000015 688.83000000000004 498.16500000000002 648.05500000000018 391.71000000000009 10.500000000000002 80.950000000000003 117.81500000000001 11.500000000000002 113.61500000000002 706.16500000000008 997.70500000000004 243.89500000000001 217.09500000000003 2.5000000000000004 227.33500000000004
decision_type=2 2 2 2 2 2 2 2 2 2 2 2 2 2 2 2 2 2 2 2 2 2 2 2 2 2 2 2 2 2
left_child=1 3 6 -1 7 8 27 -3 26 10 -7 18 14 -9 15 -13 -10 -18 -11 -6 -21 22 -22 -24 -19 -26 -4 -2 29 -29
right_child=2 4 5 -5 19 9 -8 13 16 11 -12 12 -14 -15 -16 -17 17 24 -20 20 21 -23 23 -25 25 -27 -28 28 -30 -31
leaf_value=0.017883216070115653 0.031871673531038862 -0.019813800612545628 0.0045331757345181828 -0.0023081577200771311 -0.033646979193586599 -0.0011166433373221403 0.035652515066272109 0.0047068409367346702 0.020761075657796915 0.019213107150298822 -0.028624458551707446 -0.0023462342884127208 0.041023507839511864 -0.03043291574245717 0.027062108596257923 -0.048043108323494059 -0.0080441787487783873 0.050012766569326156 0.085506599400621774 -0.03169969965823629 -0.01402632169584031 -0.025770420237144515 0.018694172025408164 0.11560977905172308 0.00084041183698147837 0.043296312796064759 -0.030820377677610644 -0.034499279054144676 0.035752576362665198 0.01838811874612075
leaf_weight=487.23425798118114 78.617489486932755 1070.1387112662196 154.19766932725906 1188.8299939855933 1134.5043233260512 430.0179922580719 1384.2518181204796 144.59709057211876 503.12121379375458 112.77973517775536 69.713776454329491 223.32518845796585 23.115033268928528 39.267603844404221 37.144590340554714 18.858571469783783 126.20298564434052 29.171288043260574 8.3443965911865217 275.26859252899885 50.84582456946373 138.4421758055687 31.109461158514023 4.314291074872016 79.123891904950142 28.525905564427376 30.506433486938477 37.270665049552917 30.633423328399658 45.567217200994492
leaf_count=3775 603 8791 1222 9558 9517 3440 10398 1164 3896 865 583 1800 172 316 284 152 1000 226 64 2317 422 1162 258 36 613 221 256 292 240 357
internal_value=0 -0.0144259 0.0189488 0.0035615 -0.0248632 0.00687115 0.0333082 -0.0173189 0.0125671 0.00100523 -0.00495405 0.00803608 0.00173081 -0.00279788 -0.00152074 -0.0059046 0.0159117 0.00663552 0.0237802 -0.0306513 -0.0238539 -0.0142429 0.00425596 0.0304976 0.020176 0.0120907 -0.00130595 0.0164142 0.0057046 -0.00540714
internal_weight=0 4564.55 3450.49 1676.06 2888.49 1874.15 1576.34 1254 950.849 923.299 499.732 423.568 302.443 183.865 279.328 242.184 766.145 263.024 121.124 1634.48 499.98 224.712 86.2696 35.4238 136.821 107.65 184.704 192.089 113.471 82.8379
internal_count=64000 37316 26684 13333 23983 14794 11890 10271 7434 7360 4023 3337 2408 1480 2236 1952 5956 2060 929 13712 4195 1878 716 294 1060 834 1478 1492 889 649
is_linear=0
shrinkage=0.1


Tree=3
num_leaves=31
num_cat=0
split_feature=1 0 0 0 0 0 1 1 1 1 1 0 1 0 0 0 1 1 1 1 1 1 1 1 1 1 1 1 1 1
split_gain=176.726 71.5057 46.4398 16.3683 7.21082 4.99678 4.76838 3.53961 6.50866 5.90302 10.8403 3.86583 3.60202 5.04446 5.77311 3.76967 6.61523 3.50226 3.11781 3.77934 3.33139 4.99503 3.10525 3.55379 3.95038 3.25371 4.03375 3.82428 2.86455 5.76499
threshold=200.89500000000001 3.5000000000000004 3.5000000000000004 6.5000000000000009 1.5000000000000002 7.5000000000000009 241.45000000000002 166.52000000000001 175.21500000000003 115.075 107.13000000000001 7.5000000000000009 112.30500000000002 8.5000000000000018 10.500000000000002 9.5000000000000018 109.81500000000001 254.26500000000001 338.73500000000007 311.98500000000007 498.16500000000002 759.21000000000015 198.83500000000001 153.16500000000002 156.48500000000004 75.335000000000022 52.465000000000011 31.645000000000003 41.045000000000009 41.960000000000008
decision_type=2 2 2 2 2 2 2 2 2 2 2 2 2 2 2 2 2 2 2 2 2 2 2 2 2 2 2 2 2 2
left_child=1 4 6 28 22 17 -2 9 -9 10 -5 -11 13 -12 15 16 -15 -4 19 -7 -20 -22 23 25 -25 26 27 -1 -3 -30
right_child=2 3 5 7 -6 18 -8 8 -10 11 12 -13 -14 14 -16 -17 -18 -19 20 -21 21 -23 -24 24 -26 -27 -28 -29 29 -31
leaf_value=0.023677636022984339 0.014572939220968568 -0.019332434880576899 -0.0011827893218271308 -0.026606072974551698 0.00065972142321863824 -0.0010058144497561755 0.031277535939407665 0.013500014635654848 -0.024680731505716601 -0.015375514104359706 0.075577040077415655 -0.042198483075756105 -0.018820526628028598 0.096557255349801863 0.071104217591710303 -0.052607630794167304 -0.050447777239141511 0.014147383887842214 0.014484267850866843 -0.026332834894253334 -0.013030621819165908 0.02688143477321002 -0.083844799089366748 0.10319652003091187 0.028007835489711572 0.0027404814963123561 0.042253430611195797 -0.0097540913240904917 0.087152315896446189 -0.0082568922280250884
leaf_weight=97.990454211831093 194.29500150680542 279.47054102271795 184.52040666341782 1458.7540533915162 841.81547427177429 429.67852294445038 1418.1587221324444 61.322890795767307 164.19645230472088 63.407499112188816 15.121259495615957 352.10794304311275 25.690732829272747 6.1222392916679382 10.136618383228777 14.245979890227318 6.1222392916679382 774.65239758789539 253.06949938088655 68.280602499842644 131.68015637248755 41.157318726181984 3.1024177670478812 7.6192369312047949 84.303701624274254 185.38532468676567 62.333901152014732 52.573895752429962 6.3894097954034796 718.98470339924097
leaf_count=753 1492 2319 1478 12429 6728 3440 10398 495 1380 526 126 3036 215 52 84 121 52 5956 1970 583 1059 308 26 55 628 1430 479 404 53 5925
internal_value=0 -0.0131381 0.0168087 -0.0212878 0.0062855 0.00614267 0.0292647 -0.0261602 -0.0142987 -0.0275308 -0.0246706 -0.0381053 0.0117887 0.0269849 0.0069239 -0.0176348 0.0230547 0.0111982 0.000893875 -0.00447868 0.00717532 -0.00352647 0.0158857 0.0165169 0.03424 0.0124264 0.0208606 0.012004 -0.0107306 -0.00741649
internal_weight=0 4517.2 3495.49 3182.07 1335.12 1883.04 1612.45 2177.23 225.519 1951.71 1536.19 415.515 77.4391 51.7483 36.6271 26.4905 12.2445 959.173 923.866 497.959 425.907 172.837 493.309 490.207 91.9229 398.284 212.898 150.564 1004.84 725.374
internal_count=64000 37316 26684 26813 10503 14794 11890 18516 1875 16641 13079 3562 650 435 309 225 104 7434 7360 4023 3337 1367 3775 3749 683 3066 1636 1157 8297 5978
is_linear=0
shrinkage=0.1


Tree=4
num_leaves=31
num_cat=0
split_feature=1 0 0 0 0 1 1 1 1 0 1 1 1 1 1 1 1 1 1 0 1 0 0 0 1 0 1 1 1 1
split_gain=142.898 59.5891 36.2355 16.553 3.99667 3.81299 5.35965 5.34564 4.02456 4.00764 3.76881 3.23539 3.52099 4.15518 3.0413 3.02252 5.37596 5.13116 8.99126 3.37595 2.85315 3.77418 4.47864 3.1517 5.08838 2.85008 3.41293 2.83652 3.07538 2.78832
threshold=200.89500000000001 6.5000000000000009 3.5000000000000004 2.5000000000000004 7.5000000000000009 780.09500000000014 491.52500000000003 243.89500000000001 581.93500000000006 1.5000000000000002 454.42500000000007 133.63500000000002 183.92500000000004 193.04500000000004 431.44500000000005 166.52000000000001 175.21500000000003 115.075 107.13000000000001 7.5000000000000009 112.30500000000002 8.5000000000000018 10.500000000000002 9.5000000000000018 109.81500000000001 2.5000000000000004 460.08500000000004 102.075 113.61500000000002 1213.6750000000002
decision_type=2 2 2 2 2 2 2 2 2 2 2 2 2 2 2 2 2 2 2 2 2 2 2 2 2 2 2 2 2 2
left_child=1 3 5 11 -4 6 7 -2 -8 -7 14 27 -13 -14 -9 17 -17 18 -3 -19 21 -20 23 24 -23 -12 -27 -1 -29 -11
right_child=2 15 4 -5 -6 9 8 10 -10 29 25 12 13 -15 -16 16 -18 19 20 -21 -22 22 -24 -25 -26 26 -28 28 -30 -31
leaf_value=0.0088582307960692035 0.013365933832401864 -0.024442175890187653 0.0099951588420054607 -0.0079194738359347119 0.00079821837827981205 0.048214932707546947 0.0014081517556163105 0.030923768940012641 0.022123505598306423 0.032287423615324128 0.060781008866799983 0.025266728208753655 -0.026378372238097542 0.026112743609826874 0.0064590105732408691 0.012027953852616916 -0.022636941333525829 -0.014000893123513583 0.064259618148498412 -0.039245010174195218 -0.017183949034074341 0.080778264182392784 0.060666980351490707 -0.049313386641884033 -0.04720928777310001 0.10414726336052263 -0.004681864840209808 -0.026488771107345318 0.0042405750034581191 -0.001109434450778355
leaf_weight=557.16588470339775 208.41633115708828 1430.6423659026623 966.62472456693649 1383.1804205030203 924.36086381226778 142.08400249481201 158.2301619797945 628.15700405836105 230.26747445762157 103.48758441209793 67.094039678573608 196.90596076846123 32.843495875597 27.883859753608704 55.285580396652222 61.912146866321564 161.27822160720825 62.708078108727932 15.957052052021025 341.3273339048028 25.34281949698925 6.5603019595146179 10.661836653947828 13.706746369600296 5.8999155759811401 3.5739733874797848 14.875138342380522 51.513545274734497 88.554144144058228 32.962144821882248
leaf_count=4339 1579 12429 7434 11381 7360 1000 1167 4501 1665 736 467 1505 257 222 396 495 1380 526 126 3036 215 52 84 121 52 26 111 403 693 242
internal_value=0 -0.0119592 0.0149403 -0.000928395 0.00549947 0.0257966 0.0236222 0.0275714 0.0136864 0.03646 0.0314215 0.00919859 0.0187745 -0.0022763 0.0289447 -0.0240334 -0.013021 -0.0253184 -0.0226382 -0.035327 0.0103957 0.0236368 0.00603588 -0.0162238 0.0201761 0.0512095 0.0164006 0.00566022 -0.00706094 0.0242197
internal_weight=0 4474.04 3535.42 2338.05 1890.99 1644.43 1365.9 977.402 388.498 278.534 768.986 954.867 257.633 60.7274 683.443 2136 223.19 1912.81 1508.77 404.035 78.1287 52.7859 36.8288 26.167 12.4602 85.5432 18.4491 697.234 140.068 136.45
internal_count=64000 37316 26684 18800 14794 11890 9912 7080 2832 1978 5501 7419 1984 479 4897 18516 1875 16641 13079 3562 650 435 309 225 104 604 137 5435 1096 978
is_linear=0
shrinkage=0.1


Tree=5
num_leaves=31
num_cat=0
split_feature=1 0 0 0 0 1 1 1 1 1 1 1 1 1 1 1 0 0 0 1 1 1 1 1 1 1 1 1 1 1
split_gain=115.59 50.1758 28.3826 8.04958 7.6921 3.83289 7.48512 4.80347 3.53587 3.11587 3.07076 2.90782 4.14453 4.11458 3.36346 3.70619 3.01009 2.87881 2.81865 3.55686 4.92988 6.07504 3.55504 2.81833 2.67998 2.55224 2.88972 2.63058 2.46727 3.05578
threshold=200.89500000000001 4.5000000000000009 3.5000000000000004 8.5000000000000018 1.5000000000000002 365.02500000000003 498.16500000000002 997.70500000000004 156.48500000000004 153.16500000000002 543.68000000000018 780.09500000000014 491.52500000000003 243.89500000000001 634.34500000000014 722.84000000000015 1.5000000000000002 7.5000000000000009 10.500000000000002 36.415000000000006 49.640000000000008 74.335000000000022 48.655000000000008 454.42500000000007 198.83500000000001 117.81500000000001 107.13000000000001 92.375000000000014 153.16500000000002 150.01500000000001
decision_type=2 2 2 2 2 2 2 2 2 2 2 2 2 2 2 2 2 2 2 2 2 2 2 2 2 2 2 2 2 2
left_child=1 4 11 8 24 -4 -7 10 9 -3 -8 12 13 -2 -14 -16 -13 -10 -5 -20 22 -22 -21 -15 28 26 27 -23 29 -1
right_child=2 3 5 18 -6 6 7 -9 17 -11 -12 16 14 23 15 -17 -18 -19 19 20 21 25 -24 -25 -26 -27 -28 -29 -30 -31
leaf_value=0.011273233485350384 0.011913633429014303 -0.014679132835980361 0.00085364293800509498 -0.026863403909979905 -0.0016893114144661174 0.019516191806597982 -0.019182936750370926 0.03361272087156409 0.0062618009984055202 -0.059236767960194281 0.0020894674880764671 0.041980145948188059 0.0048022376287271754 0.025528056171786575 0.035262306126964162 0.0026123749439943278 0.021427143678780479 -0.024910904467694006 -0.031835826655755281 0.010607427040172791 -0.042811886221290507 0.0091033688111869532 0.11611025851081505 0.044480226850518306 -0.081555846223211367 -0.018421572696384451 0.033753698302185872 -0.027886958406877882 0.028143199747014742 -0.062753447088448336
leaf_weight=398.2326447814703 210.33300872147083 1015.4214065223932 1041.5441905409098 1064.0293282568455 1183.4664820432663 415.47047401964664 86.562142476439476 40.545556932687759 143.06134733557701 15.940418697893618 314.08296570926905 146.60800993442535 239.46289072930813 696.63652096688747 99.021217674016953 53.578150600194931 138.64295572042465 37.362467005848885 127.90186792612076 40.696048885583878 69.541050568223 45.862076595425606 3.4658722952008238 88.424009740352631 2.9744234234094611 129.7613291144371 23.180784732103348 33.101581715047359 95.057325348258018 5.6554745435714713
leaf_count=3018 1579 8655 8197 9517 9558 3170 687 299 1164 136 2441 1000 1746 4897 707 379 978 316 1144 364 622 401 31 604 26 1162 186 285 683 48
internal_value=0 -0.0108753 0.013298 -0.0192035 0.00271028 0.00492892 0.00988372 0.000812793 -0.0131085 -0.0153678 -0.00250658 0.0227952 0.0209047 0.0243348 0.0121961 0.0237988 0.0319906 -0.000193495 -0.0240072 -0.0175889 -0.0123164 -0.0168877 0.0188874 0.0276627 0.013084 -0.00911393 0.00271022 -0.00640298 0.0136482 0.0102367
internal_weight=0 4434.71 3570.91 2749.33 1685.39 1898.21 856.661 441.191 1211.79 1031.36 400.645 1672.71 1387.46 995.394 392.062 152.599 285.251 180.424 1537.54 473.511 345.609 301.447 44.1619 785.061 501.92 231.906 102.144 78.9637 498.945 403.888
internal_count=64000 37316 26684 23983 13333 14794 6597 3427 10271 8791 3128 11890 9912 7080 2832 1086 1978 1480 13712 4195 3051 2656 395 5501 3775 2034 872 686 3749 3066
is_linear=0
shrinkage=0.1


Tree=6
num_leaves=31
num_cat=0
split_feature=1 0 0 0 0 1 1 1 0 1 0 1 0 1 0 1 1 1 1 1 0 1 1 0 1 1 1 1 1 1
split_gain=93.5374 41.8718 22.3366 11.279 3.11904 2.56561 5.37668 6.05162 4.4622 4.20058 3.248 4.83541 3.33849 3.19754 3.17085 2.79296 2.71778 2.87011 2.62938 4.30631 8.35015 3.44605 3.25304 2.59343 5.01657 2.66896 2.62612 2.52854 2.83558 2.61779
threshold=200.89500000000001 6.5000000000000009 3.5000000000000004 2.5000000000000004 7.5000000000000009 161.62000000000003 116.355 81.935000000000016 11.500000000000002 60.515000000000008 7.5000000000000009 97.185000000000016 9.5000000000000018 112.30500000000002 7.5000000000000009 107.13000000000001 175.21500000000003 173.35500000000005 98.495000000000019 95.88000000000001 8.5000000000000018 102.075 97.185000000000016 8.5000000000000018 87.625000000000014 85.285000000000011 88.815000000000012 254.26500000000001 261.56000000000006 243.89500000000001
decision_type=2 2 2 2 2 2 2 2 2 2 2 2 2 2 2 2 2 2 2 2 2 2 2 2 2 2 2 2 2 2
left_child=1 3 -2 -1 27 6 7 9 10 -3 11 -9 18 15 -8 -13 17 -7 19 23 -21 -20 -22 24 -12 -25 -26 29 -29 -4
right_child=2 5 4 -5 -6 16 14 8 -10 -11 12 13 -14 -15 -16 -17 -18 -19 21 20 22 -23 -24 25 26 -27 -28 28 -30 -31
leaf_value=0.0075776335572636999 0.020191274458524269 -0.019313456145101361 0.0030753392751233259 -0.0065397675587483594 0.00026425855131190614 -0.0044542454260283939 -0.010557097089377104 -0.069646200495400948 0.027319817083537208 -0.034147996154381063 -0.022461793087781255 -0.02067196255548653 -0.017209521569479774 -0.077090163626300362 -0.037122137393324789 0.051151740885881661 -0.01903639735300321 0.046176075601298765 -0.057258839965495946 -0.05042292340340776 0.2373843914046522 0.0023118164436077902 0.088516302486598045 0.035319089921248194 0.17620939599693319 -0.024255875004060262 0.057193228263554954 0.044299137170409245 0.0097550642245317516 -0.029165538356664567
leaf_weight=964.87416514754295 1697.7851455509663 879.94646981358528 155.74226632714272 1368.7223463058472 927.77075138688087 85.207329019904137 53.335175201296806 21.964113235473633 33.373974174261093 243.75657118111849 7.5501639246940639 12.698002964258199 142.28248006850481 5.2146236747503272 285.18269731849432 9.4385057687759382 156.30377776920795 12.89014709740877 12.154827281832693 3.0887034237384778 2.5569292232394218 48.295389249920845 3.4462959095835686 10.672400236129759 2.4023248851299277 25.4581213966012 8.1221460402011854 24.522795081138611 766.57422477006912 30.041538238525391
leaf_count=7419 11890 7942 1222 11381 7360 724 458 192 276 2199 66 111 1264 45 2661 72 1380 105 108 27 23 415 31 96 21 229 71 184 5772 256
internal_value=0 -0.00988109 0.0118511 -0.000702634 0.0044167 -0.0202517 -0.0215727 -0.0189601 -0.00745185 -0.0225314 -0.0111318 -0.0347035 -0.00676226 -0.00664297 -0.0329367 0.00995204 -0.0108481 0.00219865 0.00524981 0.0194949 0.0831822 -0.00966616 0.151923 0.00881252 0.0397382 -0.00665835 0.08436 0.00836039 0.0108259 -0.00213806
internal_weight=0 4398.94 3602.44 2333.6 1904.65 2065.34 1810.94 1472.42 348.719 1123.7 315.345 49.3152 266.03 27.3511 338.518 22.1365 254.401 98.0975 123.747 63.2971 9.09193 60.4502 6.00323 54.2052 18.0746 36.1305 10.5245 976.881 791.097 185.784
internal_count=64000 37316 26684 18800 14794 18516 16307 13188 3047 10141 2771 420 2351 228 3119 183 2209 829 1087 564 81 523 54 483 158 325 92 7434 5956 1478
is_linear=0
shrinkage=0.1


Tree=7
num_leaves=31
num_cat=0
split_feature=1 0 0 0 0 1 1 1 1 1 0 1 1 0 1 1 0 1 0 1 1 0 1 1 1 0 1 1 1 1
split_gain=76.0238 32.9584 21.3418 5.59397 4.59702 4.53778 3.97999 6.52233 3.70935 3.50932 2.99198 3.11698 4.1521 3.34086 3.70021 2.92088 2.89144 5.90703 2.74319 3.84048 5.935 3.44739 2.88658 2.6925 2.67729 2.40436 3.43972 3.24423 2.91275 2.49635
threshold=165.01000000000002 5.5000000000000009 3.5000000000000004 1.5000000000000002 7.5000000000000009 97.185000000000016 169.91500000000002 193.04500000000004 338.73500000000007 94.695000000000007 11.500000000000002 396.23000000000008 378.12500000000006 10.500000000000002 387.22000000000008 194.97500000000002 1.5000000000000002 187.34000000000003 8.5000000000000018 116.355 81.935000000000016 11.500000000000002 86.485000000000014 56.365000000000002 241.45000000000002 3.5000000000000004 163.25500000000002 161.62000000000003 100.82500000000002 119.30000000000003
decision_type=2 2 2 2 2 2 2 2 2 2 2 2 2 2 2 2 2 2 2 2 2 2 2 2 2 2 2 2 2 2
left_child=1 3 6 -1 -4 9 -2 16 -6 -5 11 12 -10 14 -14 -9 17 -8 -3 20 23 22 -22 -20 -17 26 29 28 -27 -7
right_child=2 18 4 5 8 25 7 15 10 -11 -12 -13 13 -15 -16 24 -18 -19 19 -21 21 -23 -24 -25 -26 27 -28 -29 -30 -31
leaf_value=0.0097214399322137091 0.053442474534783936 -0.013968581195500094 0.0071339600608208492 -7.7875306645463778e-05 -0.0064329669910353805 -0.020073244894566165 0.032703982814275716 0.073661909447859539 0.0046094779562355775 0.046418996421450864 0.033950438295370255 -0.0027097226487727312 0.0029106725628364784 0.13250589369458979 0.073733686552596989 0.0076599498568655951 -0.017788661804678665 -0.055712489693327864 -0.019601414380920862 -0.032497932492812971 0.016998903879883193 0.024086787930803759 -0.014903850463093822 -0.032706519825621602 0.019231170056397545 -0.065532789856526261 0.087842976916920321 -0.087447883519019776 -0.014339544851287814 0.00093213529812876143
leaf_weight=437.12996247410774 29.547753505408764 772.38366980105639 1141.6915348693728 846.33048114180565 689.2460992410779 89.737296059727669 35.847042918205261 9.3790272921323758 81.708384543657303 16.549530789256096 33.813271164894104 281.62863133847713 16.373309850692753 3.9670835286378852 13.426024004817007 230.29688096046448 76.455722577869892 9.5743584483861905 602.40132420510054 254.88261131942272 33.392303451895714 34.031016387045383 188.24628687649965 211.92872579395771 1517.8113161474466 11.924753457307814 3.8993369638919821 6.9570848345756522 163.50747303664684 153.11107482016087
leaf_count=3256 221 6751 8727 6948 5715 722 253 72 609 135 245 2236 121 29 97 1712 611 73 5576 2458 298 276 1686 1982 10398 101 31 58 1384 1219
internal_value=0 -0.0102782 0.00923999 -5.70799e-05 0.00266844 -0.00336546 0.0170266 0.016454 -0.0018829 0.000813907 0.00539488 0.00296338 0.0167994 0.0462966 0.0348198 0.0180054 -0.00591674 0.0140667 -0.0187053 -0.0214667 -0.0188389 -0.00554725 -0.0100973 -0.023012 0.0177068 -0.0117691 -0.00533366 -0.0204753 -0.0178193 -0.00682977
internal_weight=0 3826.41 4170.77 1729.15 2261.85 1292.02 1908.91 1879.36 1120.16 862.88 430.917 397.103 115.475 33.7664 29.7993 1757.49 121.877 45.4214 2097.27 1324.88 1070 255.67 221.639 814.33 1748.11 429.137 246.748 182.389 175.432 242.848
internal_count=64000 32881 31119 13854 17779 10598 13340 13119 9052 7083 3337 3092 856 247 218 12182 937 326 19027 12276 9818 2260 1984 7558 12110 3515 1972 1543 1485 1941
is_linear=0
shrinkage=0.1


Tree=8
num_leaves=31
num_cat=0
split_feature=1 0 0 1 1 1 0 1 1 1 1 0 0 1 1 1 1 1 1 1 1 1 1 1 0 1 0 1 1 1
split_gain=62.1619 29.9979 13.2878 6.82757 5.90953 4.34916 4.33132 3.64614 5.01449 4.22975 3.29086 3.14491 2.99967 3.15516 8.35376 3.47788 2.88609 7.26432 4.74339 2.82982 4.99742 2.76096 2.70976 2.67564 2.65884 2.50463 2.47944 2.2512 2.99944 2.24711
threshold=227.33500000000004 4.5000000000000009 2.5000000000000004 231.90500000000003 166.52000000000001 251.75500000000002 8.5000000000000018 116.355 75.335000000000022 60.515000000000008 221.17500000000004 1.5000000000000002 7.5000000000000009 272.47500000000008 281.77500000000003 311.98500000000007 648.05500000000018 505.20000000000005 365.02500000000003 205.03500000000003 225.20500000000001 527.96000000000015 217.09500000000003 168.24000000000004 7.5000000000000009 308.74500000000006 3.5000000000000004 127.88500000000001 129.32000000000002 952.77500000000009
decision_type=2 2 2 2 2 2 2 2 2 2 2 2 2 2 2 2 2 2 2 2 2 2 2 2 2 2 2 2 2 2
left_child=1 11 -2 24 6 -5 -3 8 9 -8 23 22 13 -7 -15 25 17 18 -17 -13 -21 -19 -1 -6 26 -16 -4 -9 -29 -14
right_child=2 4 3 5 10 12 7 27 -10 -11 -12 19 29 14 15 16 -18 21 -20 20 -22 -23 -24 -25 -26 -27 -28 28 -30 -31
leaf_value=0.010001103682757979 0.018667776548232734 -0.011181788804182261 0.074013120867637894 -0.010768780423304689 0.03876567968361145 0.026947935616581899 -0.01839038159397241 -0.047294911054059835 -0.0064440400517684418 -0.039078733621309612 -0.02877588773894001 -0.0016031434677525936 0.00010896472585574765 -0.038824152035126326 0.020731222848548003 -0.0024664623477192379 0.017133130753809452 -0.039612298152079652 0.017581733700074452 0.023686209093421055 -0.053664302277633129 -0.0074887485861990736 -0.027610948214148723 -0.0028551631472839658 0.074320793715952002 0.068704300119948977 0.0015529031035773232 0.034029306394339237 -0.027870669524007449 0.041089805303607022
leaf_weight=543.63571470975876 1233.6049260348082 1043.683263681829 6.7143826484680202 166.57042837888002 16.011324986815453 92.565457582473755 631.17951940000057 60.952434539794922 306.52249443531036 117.16936340928078 48.561894312500954 1195.9006796628237 680.03891988098621 37.243508815765381 101.6426568031311 188.06402784585953 224.9403560012579 33.10511440038681 316.84331531822681 86.771161258220673 9.2422185689210874 139.4962731897831 19.854315161705017 437.19326204061508 18.289603404700756 12.187975406646727 15.916791915893553 8.1702507436275464 186.95981048792601 13.648760601878164
leaf_count=3995 8347 9153 49 1315 127 673 5935 602 2754 1129 386 9678 5385 274 735 1359 1613 255 2284 643 70 1057 152 3646 147 88 124 81 1846 98
internal_value=0 -0.00745817 0.0104693 0.00552927 -0.0138889 0.00470453 -0.0159886 -0.0198154 -0.017217 -0.0216296 -0.0040357 0.00244198 0.00610546 0.00924689 0.00769163 0.00939629 0.00731865 0.00406014 0.0101143 -0.000277029 0.0162405 -0.0136501 0.00867586 -0.00138473 0.0459661 0.0258678 0.0230509 -0.0305191 -0.0252789 0.00091529
internal_weight=0 4711.81 3280.87 2047.27 2856.4 2006.35 2354.64 1310.95 1054.87 748.349 501.766 1855.4 1839.78 1146.09 1053.52 1016.28 902.449 677.509 504.907 1291.91 96.0134 172.601 563.49 453.205 40.9208 113.831 22.6312 256.082 195.13 693.688
internal_count=64000 40197 23803 15456 25659 15136 21500 12347 9818 7064 4159 14538 13821 8338 7665 7391 6568 4955 3643 10391 713 1312 4147 3773 320 823 173 2529 1927 5483
is_linear=0
shrinkage=0.1


Tree=9
num_leaves=31
num_cat=0
split_feature=1 0 0 0 1 1 1 1 1 1 0 1 1 1 1 0 1 1 1 1 1 1 1 1 1 1 1 1 1 1
split_gain=50.401 24.7016 11.311 6.37445 2.24101 6.81864 3.03397 3.7829 10.5588 4.45319 2.2597 3.76925 2.75729 5.24857 2.10864 5.45357 2.37695 2.63386 2.05616 2.46421 2.91922 2.0875 2.41125 2.19896 2.17716 1.94212 4.37553 2.81116 2.25417 2.12012
threshold=200.89500000000001 6.5000000000000009 4.5000000000000009 2.5000000000000004 660.55500000000018 498.16500000000002 365.02500000000003 328.14500000000004 318.43500000000006 331.73500000000007 2.5000000000000004 648.05500000000018 648.05500000000018 634.34500000000014 311.98500000000007 3.5000000000000004 287.88000000000005 284.91500000000008 133.63500000000002 183.92500000000004 193.04500000000004 102.075 113.61500000000002 107.13000000000001 115.075 365.02500000000003 484.87000000000006 369.40000000000003 479.05500000000001 822.65500000000009
decision_type=2 2 2 2 2 2 2 2 2 2 2 2 2 2 2 2 2 2 2 2 2 2 2 2 2 2 2 2 2 2
left_child=1 3 4 18 5 6 7 8 14 -9 12 -12 13 -7 16 -16 17 -2 21 -20 -21 -1 23 -23 -24 -4 27 -27 -29 -28
right_child=2 -3 25 -5 -6 10 -8 9 -10 -11 11 -13 -14 -15 15 -17 -18 -19 19 20 -22 22 24 -25 -26 26 29 28 -30 -31
leaf_value=0.0055964985067107967 0.010872064344047166 -0.0156337610148919 -0.0008240726986449182 -0.0048947649121457385 0.019389309861896638 0.0031034109318618382 0.021779802407510034 -0.054561841884085263 0.062324191036172739 0.0028699791371354713 -0.019434322592775718 0.058232065006878012 -0.039862505067133874 0.073541160074648615 0.0066858466756812077 -0.10180899894620431 0.02502892934204572 -0.030023363246423837 0.018473390025296337 -0.024977144309231727 0.018628754262150372 -0.0029594278621457829 0.055851854738054221 -0.044607992325411239 -0.0026301013724344324 0.05539585630560831 -0.0048361835464234386 0.0107188463538449 0.053592223523652262 0.01420075343729736
leaf_weight=569.17958446592093 476.96557495743036 1983.4728585556149 905.82167217135429 1351.7211409583688 481.96488162875175 183.53078496456146 420.48139175772667 14.895380884408949 43.437774449586868 144.22527810931206 92.503037579357624 6.7013673633337012 13.321144998073576 11.225683987140654 23.225833922624592 5.7874661087989798 123.61707325279713 16.286408975720406 204.83714345097542 32.438563883304596 29.146990746259689 23.563517980277538 6.8938040137290946 27.439084149897099 83.096478916704655 16.00456714630127 306.43566256761551 304.94727177917957 12.77725428342819 72.305118098855019
leaf_count=4339 3391 18516 7139 11381 3221 1275 2826 102 296 980 694 47 89 75 155 43 833 110 1505 257 222 186 53 217 640 117 2403 2269 97 522
internal_value=0 -0.00743324 0.00850358 -0.000447283 0.013422 0.0115973 0.014834 0.0113916 0.0145998 -0.00250625 -0.00176838 -0.0141879 0.00415281 0.00716341 0.0113902 -0.0149563 0.0126293 0.00952176 0.00570855 0.0132 -0.0043395 0.00289811 -0.00799514 -0.0253661 0.00184997 0.00224828 0.00615442 0.0145029 0.012443 -0.00120186
internal_weight=0 4311.79 3676.46 2328.32 2058.17 1576.2 1268.92 848.441 689.32 159.121 307.282 99.2044 208.078 194.756 645.882 29.0133 616.869 493.252 976.595 266.423 61.5856 710.172 140.993 51.0026 89.9903 1618.29 712.47 333.729 317.725 378.741
internal_count=64000 37316 26684 18800 14137 10916 8736 5910 4828 1082 2180 741 1439 1350 4532 198 4334 3501 7419 1984 479 5435 1096 403 693 12547 5408 2483 2366 2925
is_linear=0
shrinkage=0.1


end of trees

feature_importances:
Column_1=217
Column_0=83

parameters:
[boosting: gbdt]
[objective: binary]
[metric: binary_logloss]
[tree_learner: serial]
[device_type: cpu]
[data: ]
[valid: ]
[num_iterations: 10]
[learning_rate: 0.1]
[num_leaves: 31]
[num_threads: 0]
[deterministic: 0]
[force_col_wise: 0]
[force_row_wise: 0]
[histogram_pool_size: -1]
[max_depth: -1]
[min_data_in_leaf: 20]
[min_sum_hessian_in_leaf: 0.001]
[bagging_fraction: 1]
[pos_bagging_fraction: 1]
[neg_bagging_fraction: 1]
[bagging_freq: 0]
[bagging_seed: 3]
[feature_fraction: 1]
[feature_fraction_bynode: 1]
[feature_fraction_seed: 2]
[extra_trees: 0]
[extra_seed: 6]
[early_stopping_round: 0]
[first_metric_only: 0]
[max_delta_step: 0]
[lambda_l1: 0]
[lambda_l2: 0]
[linear_lambda: 0]
[min_gain_to_split: 0]
[drop_rate: 0.1]
[max_drop: 50]
[skip_drop: 0.5]
[xgboost_dart_mode: 0]
[uniform_drop: 0]
[drop_seed: 4]
[top_rate: 0.2]
[other_rate: 0.1]
[min_data_per_group: 100]
[max_cat_threshold: 32]
[cat_l2: 10]
[cat_smooth: 10]
[max_cat_to_onehot: 4]
[top_k: 20]
[monotone_constraints: ]
[monotone_constraints_method: basic]
[monotone_penalty: 0]
[feature_contri: ]
[forcedsplits_filename: ]
[refit_decay_rate: 0.9]
[cegb_tradeoff: 1]
[cegb_penalty_split: 0]
[cegb_penalty_feature_lazy: ]
[cegb_penalty_feature_coupled: ]
[path_smooth: 0]
[interaction_constraints: ]
[verbosity: 1]
[saved_feature_importance_type: 0]
[linear_tree: 0]
[max_bin: 255]
[max_bin_by_feature: ]
[min_data_in_bin: 3]
[bin_construct_sample_cnt: 200000]
[data_random_seed: 1]
[is_enable_sparse: 1]
[enable_bundle: 1]
[use_missing: 1]
[zero_as_missing: 0]
[feature_pre_filter: 1]
[pre_partition: 0]
[two_round: 0]
[header: 0]
[label_column: ]
[weight_column: ]
[group_column: ]
[ignore_column: ]
[categorical_feature: ]
[forcedbins_filename: ]
[precise_float_parser: 0]
[objective_seed: 5]
[num_class: 1]
[is_unbalance: 0]
[scale_pos_weight: 1]
[sigmoid: 1]
[boost_from_average: 1]
[reg_sqrt: 0]
[alpha: 0.9]
[fair_c: 1]
[poisson_max_delta_step: 0.7]
[tweedie_variance_power: 1.5]
[lambdarank_truncation_level: 30]
[lambdarank_norm: 1]
[label_gain: ]
[eval_at: ]
[multi_error_top_k: 1]
[auc_mu_weights: ]
[num_machines: 1]
[local_listen_port: 12400]
[time_out: 120]
[machine_list_filename: ]
[machines: ]
[gpu_platform_id: -1]
[gpu_device_id: -1]
[gpu_use_dp: 0]
[num_gpu: 1]

end of parameters

pandas_categorical:null
